500
307 320 38.1362
272 289 37.1575
285 317 36.4767
309 300 35.9925
284 332 35.0557
286 287 34.9589
277 275 34.1802
303 296 34.1649
267 303 33.8372
105 380 33.1342
291 322 32.8399
307 285 32.7540
393 316 32.1592
313 310 31.8298
290 304 30.4062
384 289 30.3770
100 422 29.9555
312 333 29.5111
234 277 29.0756
311 322 28.0326
98 426 27.1634
272 302 25.8640
236 264 25.7665
227 403 25.4547
234 240 24.9617
400 376 24.8744
336 335 24.7019
293 504 24.1919
109 380 23.9248
338 302 23.8341
396 227 23.7442
186 545 23.2866
342 279 22.5811
413 377 21.7560
396 332 21.6456
149 441 21.4106
128 293 20.9732
199 433 20.5246
282 499 20.4500
226 488 20.3208
342 294 20.0579
399 571 19.8491
381 342 19.6792
183 136 19.5927
328 154 19.5737
112 267 19.3531
324 554 19.2515
218 356 19.2399
212 527 19.1258
140 495 18.9911
200 503 18.9604
412 282 18.6884
221 428 18.6628
296 507 18.5633
110 269 18.4122
310 553 18.2051
208 327 17.6230
88 327 17.4589
316 526 17.4452
307 555 17.4146
199 550 17.2649
339 282 17.1019
90 544 17.0531
98 269 17.0355
130 177 16.8842
378 344 16.8841
218 261 16.7834
239 342 16.6982
204 547 16.6935
193 444 16.6244
148 179 16.6159
220 247 16.6027
236 336 16.4745
300 151 16.3078
337 197 16.2990
386 259 16.2974
352 554 16.2751
151 171 16.1791
252 555 16.0436
235 550 16.0399
376 483 15.8584
249 204 15.7807
253 145 15.7802
264 554 15.6826
340 544 15.5938
282 148 15.5411
149 182 15.5091
224 405 15.4321
170 323 15.3967
374 222 15.3066
401 460 15.2774
354 222 15.2623
259 267 15.2109
401 279 15.1803
278 171 15.1499
210 272 15.0741
220 431 15.0416
215 288 15.0293
237 236 15.0054
340 330 14.9779
375 501 14.9155
229 141 14.8064
235 553 14.7886
416 163 14.7794
120 528 14.7151
160 423 14.7060
246 501 14.6588
91 538 14.5704
231 176 14.4521
386 263 14.4109
233 497 14.3350
377 525 14.3236
284 555 14.2935
301 388 14.2896
211 519 14.1985
99 266 14.1418
207 324 14.1081
324 157 14.0811
75 539 14.0682
152 148 14.0547
410 254 14.0480
196 428 14.0364
141 316 13.9935
211 287 13.9935
165 398 13.9430
248 505 13.9231
410 481 13.9003
158 134 13.8917
415 355 13.8903
131 512 13.8896
392 227 13.7470
171 320 13.7167
330 204 13.7014
418 521 13.6974
145 543 13.6021
336 589 13.5549
223 377 13.4564
125 538 13.3934
270 473 13.3747
130 541 13.3240
249 148 13.3142
97 407 13.2335
90 358 13.1957
404 294 13.1914
379 328 13.1864
368 173 13.1621
213 480 13.1224
400 250 13.1160
260 149 13.1139
376 551 13.0810
351 558 13.0792
215 139 13.0626
283 152 12.9511
285 558 12.9367
156 477 12.9043
180 132 12.7566
134 445 12.7416
266 334 12.7205
244 213 12.6333
213 303 12.5699
412 249 12.5583
148 444 12.5117
348 451 12.5018
229 316 12.4730
376 565 12.4549
106 542 12.4006
157 458 12.3167
388 168 12.2713
228 179 12.2304
130 298 12.1944
225 373 12.0631
89 354 12.0590
222 255 12.0194
155 549 11.9824
193 494 11.9740
381 187 11.9740
52 521 11.8576
234 262 11.8347
297 471 11.7964
415 333 11.5652
226 197 11.5649
198 505 11.5399
413 570 11.4598
237 146 11.4568
224 241 11.4219
255 293 11.4041
258 379 11.3423
397 464 11.2978
316 495 11.2673
75 543 11.2561
167 381 11.2509
285 583 11.2333
228 390 11.2176
280 382 11.2007
269 439 11.1803
231 287 11.1055
52 516 11.0988
171 443 11.0814
317 530 11.0472
384 189 11.0312
402 569 11.0263
398 182 10.9646
415 180 10.9514
377 577 10.9422
267 471 10.9265
219 202 10.9171
411 472 10.9137
171 440 10.8991
247 366 10.7857
390 571 10.7699
80 397 10.7558
415 233 10.6651
294 477 10.6547
371 179 10.6275
232 275 10.6194
93 455 10.6132
374 541 10.6068
312 221 10.5891
378 473 10.5695
88 164 10.5094
81 286 10.4941
100 165 10.4884
179 406 10.4291
412 160 10.3386
71 435 10.2547
415 185 10.2240
373 208 10.1684
181 419 10.1657
349 466 10.0896
115 289 9.9044
86 391 9.8682
159 129 9.8369
301 174 9.8368
265 439 9.7660
243 406 9.7507
374 521 9.7025
231 520 9.6666
69 168 9.5909
276 367 9.5902
362 531 9.5433
360 204 9.5167
50 183 9.5017
357 269 9.4451
315 473 9.4043
279 420 9.3561
196 341 9.3501
297 385 9.2512
114 152 9.2175
374 569 9.1845
177 421 9.1750
244 364 9.1612
364 582 9.1422
64 169 9.1421
372 499 9.1122
137 316 9.0450
368 159 9.0327
418 497 8.9570
192 341 8.9535
84 283 8.9140
84 378 8.8838
152 196 8.7184
405 208 8.7165
391 170 8.6734
347 180 8.6321
372 440 8.6227
186 477 8.5800
149 224 8.5323
254 267 8.5057
251 470 8.4591
328 502 8.4532
394 357 8.4416
319 465 8.4105
131 272 8.3509
333 509 8.2927
82 366 8.2873
143 144 8.2585
334 566 8.2510
206 190 8.2441
132 145 8.2335
163 382 8.2242
147 252 8.1534
91 324 7.9072
372 445 7.8918
354 321 7.8082
151 210 7.7703
317 176 7.7568
114 149 7.7473
397 356 7.7361
355 431 7.7025
174 165 7.6878
278 412 7.4813
145 465 7.4419
148 238 7.4315
134 477 7.4000
177 194 7.3922
143 493 7.3255
360 351 7.2686
174 222 7.2650
249 391 7.2507
320 410 7.1934
169 278 7.1807
171 250 7.0910
146 266 7.0768
88 458 7.0583
73 368 7.0213
268 203 7.0197
112 464 7.0150
175 405 6.9306
166 305 6.9270
339 347 6.8688
69 430 6.8517
114 317 6.8471
168 291 6.8462
256 407 6.8385
145 279 6.7673
293 446 6.7431
316 346 6.7259
337 576 6.6802
146 222 6.6564
120 465 6.6486
311 195 6.6417
170 264 6.6388
158 419 6.6315
239 420 6.6024
255 473 6.5917
361 585 6.5616
281 191 6.5448
244 403 6.5255
67 306 6.5084
296 345 6.5030
202 193 6.4834
297 193 6.4733
344 350 6.4689
149 196 6.4582
255 443 6.3693
120 522 6.3412
250 187 6.2751
113 321 6.2474
147 209 6.1665
116 182 6.1395
134 422 6.1366
132 462 6.0461
163 253 5.9978
192 359 5.9318
387 382 5.9241
309 448 5.8944
254 381 5.8615
262 188 5.8141
233 573 5.8099
259 417 5.7905
400 589 5.7787
166 225 5.7784
197 221 5.7184
138 133 5.7107
161 280 5.7089
203 164 5.6990
144 250 5.6952
145 237 5.6689
191 276 5.6134
54 411 5.5989
158 308 5.5470
171 168 5.5394
188 303 5.4437
155 491 5.4156
266 347 5.3538
364 154 5.3085
309 357 5.3019
191 251 5.2878
195 249 5.2263
142 264 5.2088
141 278 5.1834
70 361 5.1801
405 410 5.0852
178 474 5.0248
194 223 4.9521
186 306 4.9289
138 165 4.8506
188 279 4.8437
325 573 4.8412
165 239 4.7757
278 527 4.7559
402 410 4.6871
162 267 4.6538
84 234 4.6395
201 167 4.5950
260 239 4.5576
137 392 4.4843
203 179 4.4340
115 233 4.4293
111 237 4.3992
130 379 4.3887
359 369 4.3781
116 213 4.3590
113 212 4.2012
136 339 4.1478
51 336 4.0096
288 584 4.0086
196 235 3.8172
199 207 3.7713
79 209 3.7612
174 494 3.5167
76 256 3.4285
135 380 3.4152
62 306 3.3682
292 250 3.3168
57 404 3.2285
355 393 3.2042
63 343 3.1940
373 402 3.1550
286 255 3.0806
61 318 3.0377
84 246 2.9448
394 434 2.8459
269 589 2.7197
275 240 2.6895
332 381 2.6851
187 589 2.6539
80 200 2.6048
150 371 2.5118
313 243 2.5063
346 386 2.5047
391 405 2.4786
305 251 2.4778
333 399 2.1822
188 566 2.1467
366 247 2.0964
317 240 2.0564
155 523 1.9657
166 358 1.9533
151 523 1.9528
191 580 1.9299
56 231 1.8822
317 391 1.8448
217 124 1.8186
393 430 1.7997
60 558 1.7901
174 116 1.7857
178 524 1.7840
235 92 1.7314
178 583 1.6415
205 580 1.6194
176 82 1.5977
178 56 1.5944
177 69 1.5857
66 232 1.5141
67 573 1.4576
170 121 1.4227
223 79 1.4138
282 125 1.3916
153 582 1.3851
105 69 1.3667
104 88 1.3544
211 65 1.3431
56 479 1.3290
223 113 1.3237
215 99 1.3198
316 132 1.2769
194 118 1.2615
400 530 1.2529
103 110 1.2435
106 56 1.2388
272 126 1.2359
70 498 1.2345
101 115 1.2329
405 85 1.2289
54 206 1.2232
299 128 1.2208
74 492 1.2129
156 584 1.2009
206 97 1.1819
130 120 1.1773
174 70 1.1700
270 123 1.1520
418 79 1.1177
235 87 1.1157
171 570 1.1136
355 88 1.1099
204 588 1.1026
191 115 1.0949
79 558 1.0896
222 51 1.0861
221 109 1.0609
326 139 1.0604
127 573 1.0588
91 497 1.0541
173 86 1.0528
283 129 1.0289
314 136 1.0236
175 52 1.0161
338 71 1.0148
312 66 1.0131
219 64 1.0105
330 128 1.0086
313 115 1.0060
171 104 0.9995
106 574 0.9972
203 57 0.9900
341 134 0.9790
238 119 0.9734
91 576 0.9729
